# Transformed state matrix Abar (shape: (12, 12))
9.999000e-01 -9.999792e-03 -1.243815e-18 3.421999e-20 -2.921370e-22 1.019356e-24 -6.305541e-25 4.132896e-27 -1.984170e-29 -8.247795e-32 3.458304e-34 1.584713e-36
1.999850e-02 9.999500e-01 9.999250e-03 1.895030e-18 -3.933504e-18 8.637202e-20 -5.113372e-21 5.265727e-23 -3.338459e-25 -1.590344e-27 7.901705e-30 4.415947e-32
-2.499835e-04 -4.166108e-07 9.997500e-01 1.000192e-02 1.094407e-15 -1.791723e-17 3.577084e-19 -1.756057e-20 6.203790e-22 1.123520e-23 -1.423030e-25 -1.381258e-27
-9.996542e-03 -4.997917e-05 -1.999284e-02 1.000150e+00 9.995252e-03 4.644565e-15 5.722216e-16 -3.103202e-17 9.683961e-19 2.289923e-20 -4.145652e-22 -5.868571e-24
1.499348e-04 1.999672e-06 5.498458e-04 -1.041369e-05 9.995503e-01 1.000792e-02 -2.603909e-13 1.353460e-14 2.540988e-17 1.456209e-17 5.032565e-19 4.473340e-20
-1.916628e-06 4.995710e-05 9.988420e-03 -3.496269e-04 -1.997785e-02 1.000349e+00 -9.984122e-03 2.505264e-04 -2.326116e-06 -1.031942e-08 2.163989e-11 1.780100e-14
-2.288531e-08 1.247806e-06 2.494812e-04 -1.773644e-05 -1.099014e-03 4.664645e-05 9.991031e-01 1.005715e-02 4.993777e-05 -3.302913e-07 -1.887560e-09 1.036074e-11
8.381820e-10 -5.340454e-08 -1.117726e-05 -1.490851e-04 -9.939055e-03 6.467545e-04 -1.988560e-02 1.000992e+00 9.939548e-03 -5.003969e-05 -2.975562e-07 1.627509e-09
-1.353722e-11 1.065518e-09 2.404688e-07 8.210370e-06 5.471356e-04 -5.058846e-05 1.691461e-03 -1.508358e-04 9.988078e-01 -1.006015e-02 -5.005596e-05 2.784837e-07
-1.379841e-13 1.413374e-11 3.555971e-09 2.237184e-07 1.657174e-05 2.480128e-04 -9.890132e-03 1.588982e-03 1.984882e-02 1.000994e+00 9.957966e-03 -4.989042e-05
1.047603e-15 -1.437847e-13 -4.144990e-11 -4.081096e-09 -3.633903e-07 -1.367844e-05 5.442393e-04 -1.203699e-04 -1.689904e-03 -1.179224e-04 9.994045e-01 -1.001215e-02
6.813277e-18 -1.243971e-15 -4.165982e-13 -5.777194e-11 -6.382648e-09 -3.967072e-07 3.071869e-05 5.444574e-04 9.909473e-03 1.045832e-03 9.958603e-03 9.999491e-01
