# Observability matrix O (shape: (12, 12))
1.000000e+00 0.000000e+00 0.000000e+00 0.000000e+00 0.000000e+00 0.000000e+00 0.000000e+00 0.000000e+00 0.000000e+00 0.000000e+00 0.000000e+00 0.000000e+00
9.999000e-01 4.999833e-05 4.166583e-10 1.388869e-15 2.480131e-21 2.755708e-27 9.999667e-03 1.666633e-07 8.333214e-13 1.984105e-18 2.755707e-24 2.515129e-30
9.996000e-01 1.999733e-04 6.666133e-09 8.888381e-14 6.348924e-19 2.821775e-24 1.999733e-02 1.333227e-06 2.666514e-11 2.539570e-16 1.410883e-21 5.130547e-27
9.991002e-01 4.498650e-04 3.374393e-08 1.012370e-12 1.627069e-17 1.627110e-22 2.999100e-02 4.499190e-06 2.024740e-10 4.338852e-15 5.423663e-20 4.437625e-25
9.984005e-01 7.995734e-04 1.066325e-07 5.687589e-12 1.625108e-16 2.889209e-21 3.997867e-02 1.066325e-05 8.531383e-10 3.250216e-14 7.222935e-19 1.050643e-23
9.975013e-01 1.248959e-03 2.602865e-07 2.169364e-11 9.685429e-16 2.690584e-20 4.995835e-02 2.082292e-05 2.603237e-09 1.549669e-13 5.381066e-18 1.223032e-22
9.964027e-01 1.797841e-03 5.396113e-07 6.476668e-11 4.164048e-15 1.665786e-19 5.992803e-02 3.597409e-05 6.476668e-09 5.552064e-13 2.776234e-17 9.086524e-22
9.951050e-01 2.446001e-03 9.994366e-07 1.632870e-10 1.428984e-14 7.781083e-19 6.988574e-02 5.711067e-05 1.399603e-08 1.633124e-12 1.111542e-16 4.951909e-21
9.936085e-01 3.193178e-03 1.704483e-06 3.637561e-10 4.158058e-14 2.957367e-18 7.982947e-02 8.522416e-05 2.728171e-08 4.158058e-12 3.696529e-16 2.150989e-20
9.919137e-01 4.039075e-03 2.729324e-06 7.372588e-10 1.066667e-13 9.602159e-18 8.975725e-02 1.213033e-04 4.915059e-08 9.481480e-12 1.066841e-15 7.857128e-20
9.900208e-01 4.983353e-03 4.158340e-06 1.386906e-09 2.477404e-13 2.753436e-17 9.966708e-02 1.663336e-04 8.321436e-08 1.981924e-11 2.753228e-15 2.503445e-19
9.879305e-01 6.025633e-03 6.085668e-06 2.456251e-09 5.309297e-13 7.140455e-17 1.095570e-01 2.212970e-04 1.339774e-07 3.861307e-11 6.490728e-15 7.141563e-19
